input_points: ['a', 'b', 'c']
output_points: ['y1', 'y2']
wires_points: ['g1', 'g2', 'g3']
total_points: 10 | ['a', 'b', 'c', 'y1', 'y2', 'g1', 'g2', 'g3', "1'b0", "1'b1"]
gates: []
Level: 0 | [{'a': [1, 1, 0, 0, 0, 0, 0, 1, 0, 0, 0, 0, 1, 0, 0, 1, 1], 'b': [0, 0, 0, 0, 1, 0, 0, 0, 0, 0, 0, 1, 0, 1, 0, 1, 1], 'c': [1, 0, 1, 1, 1, 0, 0, 1, 0, 1, 1, 0, 0, 0, 0, 0, 1]}]
founded: 3 | {'a': 1, 'b': 1, 'c': 1, 'g1': 0, 'g2': 0, 'g3': 0, 'y1': 0, 'y2': 0}
all_used_points: 0 | []
nand | g2
a
b
intermediate_type
[[1, 1, 0, 0, 0, 0, 0, 1, 0, 0, 0, 0, 1, 0, 0, 1, 1], [0, 0, 0, 0, 1, 0, 0, 0, 0, 0, 0, 1, 0, 1, 0, 1, 1]]
not | g1
c
intermediate_type
[[1, 0, 1, 1, 1, 0, 0, 1, 0, 1, 1, 0, 0, 0, 0, 0, 1]]
nand | g3
b
g1
intermediate_type
[[0, 0, 0, 0, 1, 0, 0, 0, 0, 0, 0, 1, 0, 1, 0, 1, 1], [0, 1, 0, 0, 0, 1, 1, 0, 1, 0, 0, 1, 1, 1, 1, 1, 0]]
or | y1
g2
g3
final_type
[[1, 1, 1, 1, 1, 1, 1, 1, 1, 1, 1, 1, 1, 1, 1, 0, 0], [1, 1, 1, 1, 1, 1, 1, 1, 1, 1, 1, 0, 1, 0, 1, 0, 1]]
and | y2
g3
g2
final_type
[[1, 1, 1, 1, 1, 1, 1, 1, 1, 1, 1, 0, 1, 0, 1, 0, 1], [1, 1, 1, 1, 1, 1, 1, 1, 1, 1, 1, 1, 1, 1, 1, 0, 0]]
gates: ['nand', 'not', 'or', 'and']
Level: 1 | [{'a': [1, 1, 0, 0, 0, 0, 0, 1, 0, 0, 0, 0, 1, 0, 0, 1, 1], 'b': [0, 0, 0, 0, 1, 0, 0, 0, 0, 0, 0, 1, 0, 1, 0, 1, 1], 'c': [1, 0, 1, 1, 1, 0, 0, 1, 0, 1, 1, 0, 0, 0, 0, 0, 1]}, {'g2': [1, 1, 1, 1, 1, 1, 1, 1, 1, 1, 1, 1, 1, 1, 1, 0, 0], 'g1': [0, 1, 0, 0, 0, 1, 1, 0, 1, 0, 0, 1, 1, 1, 1, 1, 0], 'g3': [1, 1, 1, 1, 1, 1, 1, 1, 1, 1, 1, 0, 1, 0, 1, 0, 1], 'y1': [1, 1, 1, 1, 1, 1, 1, 1, 1, 1, 1, 1, 1, 1, 1, 0, 1], 'y2': [1, 1, 1, 1, 1, 1, 1, 1, 1, 1, 1, 0, 1, 0, 1, 0, 0]}]
founded: 8 | {'a': 1, 'b': 1, 'c': 1, 'g1': 1, 'g2': 1, 'g3': 1, 'y1': 1, 'y2': 1}
all_used_points: 8 | ['g2', 'a', 'b', 'g1', 'c', 'g3', 'y1', 'y2']
{'y1': [1, 1, 1, 1, 1, 1, 1, 1, 1, 1, 1, 1, 1, 1, 1, 0, 1], 'y2': [1, 1, 1, 1, 1, 1, 1, 1, 1, 1, 1, 0, 1, 0, 1, 0, 0]}
